1111 1. thober 1883 111111 11111111 1311111111 Dr. 11. 111111, ῖεεε δ11 11111 ὓ1εῖίε1ῖεῖε
111111 111 (1111111111 11 1111111111 111 1111111111. 111111 1111 1111111 1868 bet 11111111 111 1111111
11111111, ῖεεδ 1111111 1111111111111111111111111 111111111111111 11111111 1111111 1111111111. §oie
δῖῖ11 δῖῖ 1111111 11 11111111. 11111 1111δί11 ῡ1εῖ11111111111 11111111 (111111111111 δεῖ 111
1111111111 1. 11. &dmm 1111111111.

111111 11111 111111111111111 211. 1111111111 1852 111 1111111111 11111111. 11111 111115
11δ111 δεῖ (111111111111111111111111 8111111111111111111 111 1111111111 187111111111111, 1111111
εῖῖδ 11111 11111111111111 11111δί11 ῖῖδ 111111δ 1111 1111111111 1876 1111111111 11111111 pro facultate
docendi. 11111 1111111111 111 1111111111 111 (1111111111 11 1111111111 1111111111 δ1111111 eine
1111111111111111 1111111111. &eit Ditem 18801111 εῖ 111 (111111111111111 1111111111 1111111111 11111115
11111, 1111 111 1111111111 811111 11 1111111111.

8111 8111111 δεῖ ῧῖεεῖῖῖεῖεεεῖῖαῐε 11111111 111 δεῖ 1111111111 111 1111111111 1111 81111111
1111111111 1111111111 ῖεῖδ 11111111 8111111111 11111111. 3111 111111 111111 1111111111111111 11111δ1
11111 in δεῖ 1111111111 8111111111 11 δεῖ (ima 111111111111111111 1111111111111111 (111111111111111111.

811124. 111111, 111 &nantuac 111111 1111111111 11. 1111111111, 1111111 11111111 1111111111
δῖῖ 1111 1111111111. 11111111ῖί11, 11111 1111111111 &numen 1111111111 11111111111111111
111111. 11111 δ1ε1εῖ 1111 111111δ 11111 δ11111111111111 111111111ῖί11 δεῖ 11111111 1111111111 &chinon

11111111111111 11111111 111 1111111111 δεῖ 18. 11111111111111111 111 16. 11111, 111
111111111111111 1111111111 bie 11111 19. &membru 111 81111111111111 1111 13. 11111111 1111
11116. 1111111

111120. 61111111, δῖῖι 11111 1511111111 11111 δεῖ 1111111111, εῖῖῖδε 11 1111111111 δεῖ
11111111 Θῖδαῖ 111 11111111111111 δ111111ε1111δε, 1111111 ῖῖδ 1111111111111 δεῖ 11111111 1111111111.
11111 1111111111 11111111 bie &thiiler 1111111111 1111 1111111111 ὓε1εῖ.

wie 11111111118111111111111 1111δεῖ im 81111 δεῖ 1111111 Ι11111111 1111111111
1111111111.

1111121. 111111 1111111 δεῖ (1111111111151. 1111111111111111111 ῖεειδ 1111111111 11111111111111
11111 hurd) einen 1111111111 ῧ111ε11111 111 δεῖ 11111 1111111. §Die 111111 1111 11111 1111111111 811111.
1111111 1111111111 1111111 811111 ιεῖδ 61111111 111 δεῖ 1111111111 11111 1111111111 1111111111 mit Te
Deum 111.

1111511111.

11811111111111 δεῖ 11111111111111111111111 1111111 δεῖ 111111111111111111111 1111111111
1111111111.

gum (11111111 111111 111 8111111111 111 1111111111 1111111111 δῖῖ 1111111111 11. 1111111111111111
11111111111111111111111111111111111 111111 111111111111111111. 1. 3. 1111 4. 8.

§Det 1111111111 1111111 δ111111 511111 11111111 1111111111 1111111111. 1111111115
11111111. 4. 11111111. 5. 8111111111. 6. 11. 1111111111. 7. 11. 1111111111. 8. 11. 1111111111.
11811111. 10. 1111. 1111111. 1111111111δ111δ. 12. 11. 81111111. 13. 8111111111, 14. 1111111.

 

