&fflw·

1. 111111 2111111111111111111111,

2. ,1111121111111111 111 1111111111,
3. 1111112111111111 111 1111111111,
,4. 111111 2111111111 111 1111111.

1'1. 2111111 1111111111 111 2111111111,
11. 111111 ,11111 111 11211111,

7. 121111111111111111 111 11111111,

2. 2111111111 1111111111 2111111111,

1. 11111111 111 11211 111 11111111,
lo. 111111112111111 111 2111111111,
11. 711131111113 11111111 111 1111111111,
12. 1111111111 Ξ111111111111111111111,
13. 11111111 Ιξ111111 11111111111111111,
11. 11111111 2111111111 11111111.

11'1. 1111 2111111· 111 ,311111

111. 2111 11111111 1112111111,

17. 11111111 1111111111 111211111111111,

111. 2111111111111111111 11111111,

111. 1111111111111111111111111 1311111111,

211. 2111111111 1111111111 1121111111,

21. 1111111 111111111111-111111,

22. 12111111111111111 13111111,

21. 1111111111 1111111111 2111111,

24. 2111111111 11111111 111 11111111,

211. 1111113111111 21111111,

211. 2111111· 1. 2111111111 1111111111,

27. 111111111111111 (1111111111,

211. 11111111 1111111 111 1111111,

211. 21111111 1Ξ11111111 111 2111,

3.11 111112111111111111 2111111111,

31. 2111111111 2111111111 111 2111· 1111111111,
1121111111 21111 1111 2111111.

5111.

33 1111111111 2111111 1111111111111111111,

1

1
11. 11111 21111111111121111111111, l
’1171 ,1111111111211111111111111111111, ¹

1111111111 2111111111 111 111111 11111,
37 11111111112111111111111111111,

38. 11111111112111111111 Ξἓ11111,
111. 1111111 2111111111 111 1111111,

111. 21111111 1111111 111 1111111111,
41. 1121111111 111111 111 12111111,

42. 2111111 1111111111 111 1111111,

43. 11111111 1111111111 111 1111111111,
41. 11111111 111 1111111111 111 11111,
171. 21111111111111111 11111111,

413. 111111111111111111 1311111111,
47. 11111 11111 111 1111111111,

411. 21111111211111111111 21111111,

Ι 11. ’1111111 111111· 111 2111111111,

7111. 11111111111111111 111 1111111111,
51. 11111111112111111111 21111111,
712. 2111111111111111111111 21111111,
33. 11111111 1111111111 Ι2111,

111, 1111111111 111111 111 11111111,

31'1. 11111 1111111 111 1111111111,

711. 111111 11111111 111 211111111111111,
1'17. 111111 &111111133311'1111111111111.
1111. ’11111 13171111111111 111 21111111,

, 33. 11111111 2111111111111211111111,

Ϊ 1111. 11111111 12111111· 111 11111111, ’

⁸ 111.11111·111112111111111 111 Ξ11111111,
112. 21111111 2111111111 111 21111111.

² 33. 711111211111111 111 11111111,

· 111. 11111111 21111111 111 11111111,

. 133. 11111111 2111111111 11121111111111,
3 1111. 11111111 2111111111 1111211111,

' 117. 11111111 1111111111 2111111,

1111, 1121111111 2111111111· 111 11111111,
111. 2111111 2111111111·1111111111111111,
711. 111111(1111111111 111 21111111,

' 71. 11111 1111111111 111 11111111,

72, 11111111 111111 111 1111111,
73. 11111 111111 111 11111111,
74. 1211111 11111111 1121111111,
71'1. 1211111 12111111 111 2111,
711. 711111 2111111 111 1111111111,
77. 11111111 1111111111 111 11111111,
711. 1121113111111111111 2111111111,

¹ 71. 12111111 1111111111 111 2111111111,

1111. 1111111111111111111 11111111,
111. 111111 ἐ1111111111111112111111,
ᾗ*

 

